{
 "cells": [
  {
   "cell_type": "code",
   "execution_count": 1,
   "id": "3551b576",
   "metadata": {},
   "outputs": [],
   "source": [
    "import pandas as pd\n",
    "import numpy as np\n",
    "import matplotlib.pyplot as plt"
   ]
  },
  {
   "cell_type": "markdown",
   "id": "5eef979f",
   "metadata": {},
   "source": [
    "# Preprocessing"
   ]
  },
  {
   "cell_type": "code",
   "execution_count": 2,
   "id": "66b631df",
   "metadata": {},
   "outputs": [
    {
     "data": {
      "text/html": [
       "<div>\n",
       "<style scoped>\n",
       "    .dataframe tbody tr th:only-of-type {\n",
       "        vertical-align: middle;\n",
       "    }\n",
       "\n",
       "    .dataframe tbody tr th {\n",
       "        vertical-align: top;\n",
       "    }\n",
       "\n",
       "    .dataframe thead th {\n",
       "        text-align: right;\n",
       "    }\n",
       "</style>\n",
       "<table border=\"1\" class=\"dataframe\">\n",
       "  <thead>\n",
       "    <tr style=\"text-align: right;\">\n",
       "      <th></th>\n",
       "      <th>CUST_ID</th>\n",
       "      <th>BALANCE</th>\n",
       "      <th>BALANCE_FREQUENCY</th>\n",
       "      <th>PURCHASES</th>\n",
       "      <th>ONEOFF_PURCHASES</th>\n",
       "      <th>INSTALLMENTS_PURCHASES</th>\n",
       "      <th>CASH_ADVANCE</th>\n",
       "      <th>PURCHASES_FREQUENCY</th>\n",
       "      <th>ONEOFF_PURCHASES_FREQUENCY</th>\n",
       "      <th>PURCHASES_INSTALLMENTS_FREQUENCY</th>\n",
       "      <th>CASH_ADVANCE_FREQUENCY</th>\n",
       "      <th>CASH_ADVANCE_TRX</th>\n",
       "      <th>PURCHASES_TRX</th>\n",
       "      <th>CREDIT_LIMIT</th>\n",
       "      <th>PAYMENTS</th>\n",
       "      <th>MINIMUM_PAYMENTS</th>\n",
       "      <th>PRC_FULL_PAYMENT</th>\n",
       "      <th>TENURE</th>\n",
       "    </tr>\n",
       "  </thead>\n",
       "  <tbody>\n",
       "    <tr>\n",
       "      <th>0</th>\n",
       "      <td>C10001</td>\n",
       "      <td>40.900749</td>\n",
       "      <td>0.818182</td>\n",
       "      <td>95.40</td>\n",
       "      <td>0.00</td>\n",
       "      <td>95.40</td>\n",
       "      <td>0.000000</td>\n",
       "      <td>0.166667</td>\n",
       "      <td>0.000000</td>\n",
       "      <td>0.083333</td>\n",
       "      <td>0.000000</td>\n",
       "      <td>0</td>\n",
       "      <td>2</td>\n",
       "      <td>1000.0</td>\n",
       "      <td>201.802084</td>\n",
       "      <td>139.509787</td>\n",
       "      <td>0.000000</td>\n",
       "      <td>12</td>\n",
       "    </tr>\n",
       "    <tr>\n",
       "      <th>1</th>\n",
       "      <td>C10002</td>\n",
       "      <td>3202.467416</td>\n",
       "      <td>0.909091</td>\n",
       "      <td>0.00</td>\n",
       "      <td>0.00</td>\n",
       "      <td>0.00</td>\n",
       "      <td>6442.945483</td>\n",
       "      <td>0.000000</td>\n",
       "      <td>0.000000</td>\n",
       "      <td>0.000000</td>\n",
       "      <td>0.250000</td>\n",
       "      <td>4</td>\n",
       "      <td>0</td>\n",
       "      <td>7000.0</td>\n",
       "      <td>4103.032597</td>\n",
       "      <td>1072.340217</td>\n",
       "      <td>0.222222</td>\n",
       "      <td>12</td>\n",
       "    </tr>\n",
       "    <tr>\n",
       "      <th>2</th>\n",
       "      <td>C10003</td>\n",
       "      <td>2495.148862</td>\n",
       "      <td>1.000000</td>\n",
       "      <td>773.17</td>\n",
       "      <td>773.17</td>\n",
       "      <td>0.00</td>\n",
       "      <td>0.000000</td>\n",
       "      <td>1.000000</td>\n",
       "      <td>1.000000</td>\n",
       "      <td>0.000000</td>\n",
       "      <td>0.000000</td>\n",
       "      <td>0</td>\n",
       "      <td>12</td>\n",
       "      <td>7500.0</td>\n",
       "      <td>622.066742</td>\n",
       "      <td>627.284787</td>\n",
       "      <td>0.000000</td>\n",
       "      <td>12</td>\n",
       "    </tr>\n",
       "    <tr>\n",
       "      <th>3</th>\n",
       "      <td>C10004</td>\n",
       "      <td>1666.670542</td>\n",
       "      <td>0.636364</td>\n",
       "      <td>1499.00</td>\n",
       "      <td>1499.00</td>\n",
       "      <td>0.00</td>\n",
       "      <td>205.788017</td>\n",
       "      <td>0.083333</td>\n",
       "      <td>0.083333</td>\n",
       "      <td>0.000000</td>\n",
       "      <td>0.083333</td>\n",
       "      <td>1</td>\n",
       "      <td>1</td>\n",
       "      <td>7500.0</td>\n",
       "      <td>0.000000</td>\n",
       "      <td>NaN</td>\n",
       "      <td>0.000000</td>\n",
       "      <td>12</td>\n",
       "    </tr>\n",
       "    <tr>\n",
       "      <th>4</th>\n",
       "      <td>C10005</td>\n",
       "      <td>817.714335</td>\n",
       "      <td>1.000000</td>\n",
       "      <td>16.00</td>\n",
       "      <td>16.00</td>\n",
       "      <td>0.00</td>\n",
       "      <td>0.000000</td>\n",
       "      <td>0.083333</td>\n",
       "      <td>0.083333</td>\n",
       "      <td>0.000000</td>\n",
       "      <td>0.000000</td>\n",
       "      <td>0</td>\n",
       "      <td>1</td>\n",
       "      <td>1200.0</td>\n",
       "      <td>678.334763</td>\n",
       "      <td>244.791237</td>\n",
       "      <td>0.000000</td>\n",
       "      <td>12</td>\n",
       "    </tr>\n",
       "    <tr>\n",
       "      <th>...</th>\n",
       "      <td>...</td>\n",
       "      <td>...</td>\n",
       "      <td>...</td>\n",
       "      <td>...</td>\n",
       "      <td>...</td>\n",
       "      <td>...</td>\n",
       "      <td>...</td>\n",
       "      <td>...</td>\n",
       "      <td>...</td>\n",
       "      <td>...</td>\n",
       "      <td>...</td>\n",
       "      <td>...</td>\n",
       "      <td>...</td>\n",
       "      <td>...</td>\n",
       "      <td>...</td>\n",
       "      <td>...</td>\n",
       "      <td>...</td>\n",
       "      <td>...</td>\n",
       "    </tr>\n",
       "    <tr>\n",
       "      <th>8945</th>\n",
       "      <td>C19186</td>\n",
       "      <td>28.493517</td>\n",
       "      <td>1.000000</td>\n",
       "      <td>291.12</td>\n",
       "      <td>0.00</td>\n",
       "      <td>291.12</td>\n",
       "      <td>0.000000</td>\n",
       "      <td>1.000000</td>\n",
       "      <td>0.000000</td>\n",
       "      <td>0.833333</td>\n",
       "      <td>0.000000</td>\n",
       "      <td>0</td>\n",
       "      <td>6</td>\n",
       "      <td>1000.0</td>\n",
       "      <td>325.594462</td>\n",
       "      <td>48.886365</td>\n",
       "      <td>0.500000</td>\n",
       "      <td>6</td>\n",
       "    </tr>\n",
       "    <tr>\n",
       "      <th>8946</th>\n",
       "      <td>C19187</td>\n",
       "      <td>19.183215</td>\n",
       "      <td>1.000000</td>\n",
       "      <td>300.00</td>\n",
       "      <td>0.00</td>\n",
       "      <td>300.00</td>\n",
       "      <td>0.000000</td>\n",
       "      <td>1.000000</td>\n",
       "      <td>0.000000</td>\n",
       "      <td>0.833333</td>\n",
       "      <td>0.000000</td>\n",
       "      <td>0</td>\n",
       "      <td>6</td>\n",
       "      <td>1000.0</td>\n",
       "      <td>275.861322</td>\n",
       "      <td>NaN</td>\n",
       "      <td>0.000000</td>\n",
       "      <td>6</td>\n",
       "    </tr>\n",
       "    <tr>\n",
       "      <th>8947</th>\n",
       "      <td>C19188</td>\n",
       "      <td>23.398673</td>\n",
       "      <td>0.833333</td>\n",
       "      <td>144.40</td>\n",
       "      <td>0.00</td>\n",
       "      <td>144.40</td>\n",
       "      <td>0.000000</td>\n",
       "      <td>0.833333</td>\n",
       "      <td>0.000000</td>\n",
       "      <td>0.666667</td>\n",
       "      <td>0.000000</td>\n",
       "      <td>0</td>\n",
       "      <td>5</td>\n",
       "      <td>1000.0</td>\n",
       "      <td>81.270775</td>\n",
       "      <td>82.418369</td>\n",
       "      <td>0.250000</td>\n",
       "      <td>6</td>\n",
       "    </tr>\n",
       "    <tr>\n",
       "      <th>8948</th>\n",
       "      <td>C19189</td>\n",
       "      <td>13.457564</td>\n",
       "      <td>0.833333</td>\n",
       "      <td>0.00</td>\n",
       "      <td>0.00</td>\n",
       "      <td>0.00</td>\n",
       "      <td>36.558778</td>\n",
       "      <td>0.000000</td>\n",
       "      <td>0.000000</td>\n",
       "      <td>0.000000</td>\n",
       "      <td>0.166667</td>\n",
       "      <td>2</td>\n",
       "      <td>0</td>\n",
       "      <td>500.0</td>\n",
       "      <td>52.549959</td>\n",
       "      <td>55.755628</td>\n",
       "      <td>0.250000</td>\n",
       "      <td>6</td>\n",
       "    </tr>\n",
       "    <tr>\n",
       "      <th>8949</th>\n",
       "      <td>C19190</td>\n",
       "      <td>372.708075</td>\n",
       "      <td>0.666667</td>\n",
       "      <td>1093.25</td>\n",
       "      <td>1093.25</td>\n",
       "      <td>0.00</td>\n",
       "      <td>127.040008</td>\n",
       "      <td>0.666667</td>\n",
       "      <td>0.666667</td>\n",
       "      <td>0.000000</td>\n",
       "      <td>0.333333</td>\n",
       "      <td>2</td>\n",
       "      <td>23</td>\n",
       "      <td>1200.0</td>\n",
       "      <td>63.165404</td>\n",
       "      <td>88.288956</td>\n",
       "      <td>0.000000</td>\n",
       "      <td>6</td>\n",
       "    </tr>\n",
       "  </tbody>\n",
       "</table>\n",
       "<p>8950 rows × 18 columns</p>\n",
       "</div>"
      ],
      "text/plain": [
       "     CUST_ID      BALANCE  BALANCE_FREQUENCY  PURCHASES  ONEOFF_PURCHASES  \\\n",
       "0     C10001    40.900749           0.818182      95.40              0.00   \n",
       "1     C10002  3202.467416           0.909091       0.00              0.00   \n",
       "2     C10003  2495.148862           1.000000     773.17            773.17   \n",
       "3     C10004  1666.670542           0.636364    1499.00           1499.00   \n",
       "4     C10005   817.714335           1.000000      16.00             16.00   \n",
       "...      ...          ...                ...        ...               ...   \n",
       "8945  C19186    28.493517           1.000000     291.12              0.00   \n",
       "8946  C19187    19.183215           1.000000     300.00              0.00   \n",
       "8947  C19188    23.398673           0.833333     144.40              0.00   \n",
       "8948  C19189    13.457564           0.833333       0.00              0.00   \n",
       "8949  C19190   372.708075           0.666667    1093.25           1093.25   \n",
       "\n",
       "      INSTALLMENTS_PURCHASES  CASH_ADVANCE  PURCHASES_FREQUENCY  \\\n",
       "0                      95.40      0.000000             0.166667   \n",
       "1                       0.00   6442.945483             0.000000   \n",
       "2                       0.00      0.000000             1.000000   \n",
       "3                       0.00    205.788017             0.083333   \n",
       "4                       0.00      0.000000             0.083333   \n",
       "...                      ...           ...                  ...   \n",
       "8945                  291.12      0.000000             1.000000   \n",
       "8946                  300.00      0.000000             1.000000   \n",
       "8947                  144.40      0.000000             0.833333   \n",
       "8948                    0.00     36.558778             0.000000   \n",
       "8949                    0.00    127.040008             0.666667   \n",
       "\n",
       "      ONEOFF_PURCHASES_FREQUENCY  PURCHASES_INSTALLMENTS_FREQUENCY  \\\n",
       "0                       0.000000                          0.083333   \n",
       "1                       0.000000                          0.000000   \n",
       "2                       1.000000                          0.000000   \n",
       "3                       0.083333                          0.000000   \n",
       "4                       0.083333                          0.000000   \n",
       "...                          ...                               ...   \n",
       "8945                    0.000000                          0.833333   \n",
       "8946                    0.000000                          0.833333   \n",
       "8947                    0.000000                          0.666667   \n",
       "8948                    0.000000                          0.000000   \n",
       "8949                    0.666667                          0.000000   \n",
       "\n",
       "      CASH_ADVANCE_FREQUENCY  CASH_ADVANCE_TRX  PURCHASES_TRX  CREDIT_LIMIT  \\\n",
       "0                   0.000000                 0              2        1000.0   \n",
       "1                   0.250000                 4              0        7000.0   \n",
       "2                   0.000000                 0             12        7500.0   \n",
       "3                   0.083333                 1              1        7500.0   \n",
       "4                   0.000000                 0              1        1200.0   \n",
       "...                      ...               ...            ...           ...   \n",
       "8945                0.000000                 0              6        1000.0   \n",
       "8946                0.000000                 0              6        1000.0   \n",
       "8947                0.000000                 0              5        1000.0   \n",
       "8948                0.166667                 2              0         500.0   \n",
       "8949                0.333333                 2             23        1200.0   \n",
       "\n",
       "         PAYMENTS  MINIMUM_PAYMENTS  PRC_FULL_PAYMENT  TENURE  \n",
       "0      201.802084        139.509787          0.000000      12  \n",
       "1     4103.032597       1072.340217          0.222222      12  \n",
       "2      622.066742        627.284787          0.000000      12  \n",
       "3        0.000000               NaN          0.000000      12  \n",
       "4      678.334763        244.791237          0.000000      12  \n",
       "...           ...               ...               ...     ...  \n",
       "8945   325.594462         48.886365          0.500000       6  \n",
       "8946   275.861322               NaN          0.000000       6  \n",
       "8947    81.270775         82.418369          0.250000       6  \n",
       "8948    52.549959         55.755628          0.250000       6  \n",
       "8949    63.165404         88.288956          0.000000       6  \n",
       "\n",
       "[8950 rows x 18 columns]"
      ]
     },
     "metadata": {},
     "output_type": "display_data"
    },
    {
     "data": {
      "text/html": [
       "<div>\n",
       "<style scoped>\n",
       "    .dataframe tbody tr th:only-of-type {\n",
       "        vertical-align: middle;\n",
       "    }\n",
       "\n",
       "    .dataframe tbody tr th {\n",
       "        vertical-align: top;\n",
       "    }\n",
       "\n",
       "    .dataframe thead th {\n",
       "        text-align: right;\n",
       "    }\n",
       "</style>\n",
       "<table border=\"1\" class=\"dataframe\">\n",
       "  <thead>\n",
       "    <tr style=\"text-align: right;\">\n",
       "      <th></th>\n",
       "      <th>BALANCE</th>\n",
       "      <th>BALANCE_FREQUENCY</th>\n",
       "      <th>PURCHASES</th>\n",
       "      <th>ONEOFF_PURCHASES</th>\n",
       "      <th>INSTALLMENTS_PURCHASES</th>\n",
       "      <th>CASH_ADVANCE</th>\n",
       "      <th>PURCHASES_FREQUENCY</th>\n",
       "      <th>ONEOFF_PURCHASES_FREQUENCY</th>\n",
       "      <th>PURCHASES_INSTALLMENTS_FREQUENCY</th>\n",
       "      <th>CASH_ADVANCE_FREQUENCY</th>\n",
       "      <th>CASH_ADVANCE_TRX</th>\n",
       "      <th>PURCHASES_TRX</th>\n",
       "      <th>CREDIT_LIMIT</th>\n",
       "      <th>PAYMENTS</th>\n",
       "      <th>MINIMUM_PAYMENTS</th>\n",
       "      <th>PRC_FULL_PAYMENT</th>\n",
       "      <th>TENURE</th>\n",
       "    </tr>\n",
       "  </thead>\n",
       "  <tbody>\n",
       "    <tr>\n",
       "      <th>0</th>\n",
       "      <td>40.900749</td>\n",
       "      <td>0.818182</td>\n",
       "      <td>95.40</td>\n",
       "      <td>0.00</td>\n",
       "      <td>95.40</td>\n",
       "      <td>0.000000</td>\n",
       "      <td>0.166667</td>\n",
       "      <td>0.000000</td>\n",
       "      <td>0.083333</td>\n",
       "      <td>0.00</td>\n",
       "      <td>0</td>\n",
       "      <td>2</td>\n",
       "      <td>1000.0</td>\n",
       "      <td>201.802084</td>\n",
       "      <td>139.509787</td>\n",
       "      <td>0.000000</td>\n",
       "      <td>12</td>\n",
       "    </tr>\n",
       "    <tr>\n",
       "      <th>1</th>\n",
       "      <td>3202.467416</td>\n",
       "      <td>0.909091</td>\n",
       "      <td>0.00</td>\n",
       "      <td>0.00</td>\n",
       "      <td>0.00</td>\n",
       "      <td>6442.945483</td>\n",
       "      <td>0.000000</td>\n",
       "      <td>0.000000</td>\n",
       "      <td>0.000000</td>\n",
       "      <td>0.25</td>\n",
       "      <td>4</td>\n",
       "      <td>0</td>\n",
       "      <td>7000.0</td>\n",
       "      <td>4103.032597</td>\n",
       "      <td>1072.340217</td>\n",
       "      <td>0.222222</td>\n",
       "      <td>12</td>\n",
       "    </tr>\n",
       "    <tr>\n",
       "      <th>2</th>\n",
       "      <td>2495.148862</td>\n",
       "      <td>1.000000</td>\n",
       "      <td>773.17</td>\n",
       "      <td>773.17</td>\n",
       "      <td>0.00</td>\n",
       "      <td>0.000000</td>\n",
       "      <td>1.000000</td>\n",
       "      <td>1.000000</td>\n",
       "      <td>0.000000</td>\n",
       "      <td>0.00</td>\n",
       "      <td>0</td>\n",
       "      <td>12</td>\n",
       "      <td>7500.0</td>\n",
       "      <td>622.066742</td>\n",
       "      <td>627.284787</td>\n",
       "      <td>0.000000</td>\n",
       "      <td>12</td>\n",
       "    </tr>\n",
       "    <tr>\n",
       "      <th>4</th>\n",
       "      <td>817.714335</td>\n",
       "      <td>1.000000</td>\n",
       "      <td>16.00</td>\n",
       "      <td>16.00</td>\n",
       "      <td>0.00</td>\n",
       "      <td>0.000000</td>\n",
       "      <td>0.083333</td>\n",
       "      <td>0.083333</td>\n",
       "      <td>0.000000</td>\n",
       "      <td>0.00</td>\n",
       "      <td>0</td>\n",
       "      <td>1</td>\n",
       "      <td>1200.0</td>\n",
       "      <td>678.334763</td>\n",
       "      <td>244.791237</td>\n",
       "      <td>0.000000</td>\n",
       "      <td>12</td>\n",
       "    </tr>\n",
       "    <tr>\n",
       "      <th>5</th>\n",
       "      <td>1809.828751</td>\n",
       "      <td>1.000000</td>\n",
       "      <td>1333.28</td>\n",
       "      <td>0.00</td>\n",
       "      <td>1333.28</td>\n",
       "      <td>0.000000</td>\n",
       "      <td>0.666667</td>\n",
       "      <td>0.000000</td>\n",
       "      <td>0.583333</td>\n",
       "      <td>0.00</td>\n",
       "      <td>0</td>\n",
       "      <td>8</td>\n",
       "      <td>1800.0</td>\n",
       "      <td>1400.057770</td>\n",
       "      <td>2407.246035</td>\n",
       "      <td>0.000000</td>\n",
       "      <td>12</td>\n",
       "    </tr>\n",
       "    <tr>\n",
       "      <th>...</th>\n",
       "      <td>...</td>\n",
       "      <td>...</td>\n",
       "      <td>...</td>\n",
       "      <td>...</td>\n",
       "      <td>...</td>\n",
       "      <td>...</td>\n",
       "      <td>...</td>\n",
       "      <td>...</td>\n",
       "      <td>...</td>\n",
       "      <td>...</td>\n",
       "      <td>...</td>\n",
       "      <td>...</td>\n",
       "      <td>...</td>\n",
       "      <td>...</td>\n",
       "      <td>...</td>\n",
       "      <td>...</td>\n",
       "      <td>...</td>\n",
       "    </tr>\n",
       "    <tr>\n",
       "      <th>8808</th>\n",
       "      <td>385.462843</td>\n",
       "      <td>0.900000</td>\n",
       "      <td>427.10</td>\n",
       "      <td>50.00</td>\n",
       "      <td>377.10</td>\n",
       "      <td>809.585272</td>\n",
       "      <td>0.900000</td>\n",
       "      <td>0.100000</td>\n",
       "      <td>0.800000</td>\n",
       "      <td>0.50</td>\n",
       "      <td>6</td>\n",
       "      <td>25</td>\n",
       "      <td>1000.0</td>\n",
       "      <td>343.125132</td>\n",
       "      <td>334.254826</td>\n",
       "      <td>0.000000</td>\n",
       "      <td>10</td>\n",
       "    </tr>\n",
       "    <tr>\n",
       "      <th>8809</th>\n",
       "      <td>5.721468</td>\n",
       "      <td>0.900000</td>\n",
       "      <td>83.43</td>\n",
       "      <td>0.00</td>\n",
       "      <td>83.43</td>\n",
       "      <td>0.000000</td>\n",
       "      <td>0.900000</td>\n",
       "      <td>0.000000</td>\n",
       "      <td>0.800000</td>\n",
       "      <td>0.00</td>\n",
       "      <td>0</td>\n",
       "      <td>9</td>\n",
       "      <td>1500.0</td>\n",
       "      <td>78.559954</td>\n",
       "      <td>91.631089</td>\n",
       "      <td>0.375000</td>\n",
       "      <td>10</td>\n",
       "    </tr>\n",
       "    <tr>\n",
       "      <th>8810</th>\n",
       "      <td>28.277795</td>\n",
       "      <td>1.000000</td>\n",
       "      <td>394.80</td>\n",
       "      <td>44.80</td>\n",
       "      <td>350.00</td>\n",
       "      <td>0.000000</td>\n",
       "      <td>1.000000</td>\n",
       "      <td>0.100000</td>\n",
       "      <td>0.900000</td>\n",
       "      <td>0.00</td>\n",
       "      <td>0</td>\n",
       "      <td>11</td>\n",
       "      <td>1000.0</td>\n",
       "      <td>351.266319</td>\n",
       "      <td>144.369426</td>\n",
       "      <td>1.000000</td>\n",
       "      <td>10</td>\n",
       "    </tr>\n",
       "    <tr>\n",
       "      <th>8812</th>\n",
       "      <td>8.549640</td>\n",
       "      <td>0.400000</td>\n",
       "      <td>0.00</td>\n",
       "      <td>0.00</td>\n",
       "      <td>0.00</td>\n",
       "      <td>56.339491</td>\n",
       "      <td>0.000000</td>\n",
       "      <td>0.000000</td>\n",
       "      <td>0.000000</td>\n",
       "      <td>0.10</td>\n",
       "      <td>1</td>\n",
       "      <td>0</td>\n",
       "      <td>1200.0</td>\n",
       "      <td>149.134420</td>\n",
       "      <td>70.937243</td>\n",
       "      <td>0.500000</td>\n",
       "      <td>10</td>\n",
       "    </tr>\n",
       "    <tr>\n",
       "      <th>8813</th>\n",
       "      <td>3335.053583</td>\n",
       "      <td>0.700000</td>\n",
       "      <td>0.00</td>\n",
       "      <td>0.00</td>\n",
       "      <td>0.00</td>\n",
       "      <td>5823.467109</td>\n",
       "      <td>0.000000</td>\n",
       "      <td>0.000000</td>\n",
       "      <td>0.000000</td>\n",
       "      <td>0.30</td>\n",
       "      <td>3</td>\n",
       "      <td>0</td>\n",
       "      <td>7000.0</td>\n",
       "      <td>931.371718</td>\n",
       "      <td>1006.983314</td>\n",
       "      <td>0.000000</td>\n",
       "      <td>10</td>\n",
       "    </tr>\n",
       "  </tbody>\n",
       "</table>\n",
       "<p>7928 rows × 17 columns</p>\n",
       "</div>"
      ],
      "text/plain": [
       "          BALANCE  BALANCE_FREQUENCY  PURCHASES  ONEOFF_PURCHASES  \\\n",
       "0       40.900749           0.818182      95.40              0.00   \n",
       "1     3202.467416           0.909091       0.00              0.00   \n",
       "2     2495.148862           1.000000     773.17            773.17   \n",
       "4      817.714335           1.000000      16.00             16.00   \n",
       "5     1809.828751           1.000000    1333.28              0.00   \n",
       "...           ...                ...        ...               ...   \n",
       "8808   385.462843           0.900000     427.10             50.00   \n",
       "8809     5.721468           0.900000      83.43              0.00   \n",
       "8810    28.277795           1.000000     394.80             44.80   \n",
       "8812     8.549640           0.400000       0.00              0.00   \n",
       "8813  3335.053583           0.700000       0.00              0.00   \n",
       "\n",
       "      INSTALLMENTS_PURCHASES  CASH_ADVANCE  PURCHASES_FREQUENCY  \\\n",
       "0                      95.40      0.000000             0.166667   \n",
       "1                       0.00   6442.945483             0.000000   \n",
       "2                       0.00      0.000000             1.000000   \n",
       "4                       0.00      0.000000             0.083333   \n",
       "5                    1333.28      0.000000             0.666667   \n",
       "...                      ...           ...                  ...   \n",
       "8808                  377.10    809.585272             0.900000   \n",
       "8809                   83.43      0.000000             0.900000   \n",
       "8810                  350.00      0.000000             1.000000   \n",
       "8812                    0.00     56.339491             0.000000   \n",
       "8813                    0.00   5823.467109             0.000000   \n",
       "\n",
       "      ONEOFF_PURCHASES_FREQUENCY  PURCHASES_INSTALLMENTS_FREQUENCY  \\\n",
       "0                       0.000000                          0.083333   \n",
       "1                       0.000000                          0.000000   \n",
       "2                       1.000000                          0.000000   \n",
       "4                       0.083333                          0.000000   \n",
       "5                       0.000000                          0.583333   \n",
       "...                          ...                               ...   \n",
       "8808                    0.100000                          0.800000   \n",
       "8809                    0.000000                          0.800000   \n",
       "8810                    0.100000                          0.900000   \n",
       "8812                    0.000000                          0.000000   \n",
       "8813                    0.000000                          0.000000   \n",
       "\n",
       "      CASH_ADVANCE_FREQUENCY  CASH_ADVANCE_TRX  PURCHASES_TRX  CREDIT_LIMIT  \\\n",
       "0                       0.00                 0              2        1000.0   \n",
       "1                       0.25                 4              0        7000.0   \n",
       "2                       0.00                 0             12        7500.0   \n",
       "4                       0.00                 0              1        1200.0   \n",
       "5                       0.00                 0              8        1800.0   \n",
       "...                      ...               ...            ...           ...   \n",
       "8808                    0.50                 6             25        1000.0   \n",
       "8809                    0.00                 0              9        1500.0   \n",
       "8810                    0.00                 0             11        1000.0   \n",
       "8812                    0.10                 1              0        1200.0   \n",
       "8813                    0.30                 3              0        7000.0   \n",
       "\n",
       "         PAYMENTS  MINIMUM_PAYMENTS  PRC_FULL_PAYMENT  TENURE  \n",
       "0      201.802084        139.509787          0.000000      12  \n",
       "1     4103.032597       1072.340217          0.222222      12  \n",
       "2      622.066742        627.284787          0.000000      12  \n",
       "4      678.334763        244.791237          0.000000      12  \n",
       "5     1400.057770       2407.246035          0.000000      12  \n",
       "...           ...               ...               ...     ...  \n",
       "8808   343.125132        334.254826          0.000000      10  \n",
       "8809    78.559954         91.631089          0.375000      10  \n",
       "8810   351.266319        144.369426          1.000000      10  \n",
       "8812   149.134420         70.937243          0.500000      10  \n",
       "8813   931.371718       1006.983314          0.000000      10  \n",
       "\n",
       "[7928 rows x 17 columns]"
      ]
     },
     "execution_count": 2,
     "metadata": {},
     "output_type": "execute_result"
    }
   ],
   "source": [
    "df = pd.read_csv(\"Credit_Card.csv\")\n",
    "display(df)\n",
    "df = df.dropna()\n",
    "df = df.drop(columns=['CUST_ID'])  #Drop Column CUST_ID\n",
    "df = df[df['TENURE'] >= 10]  #Drop rows with TENURE less than 10\n",
    "df"
   ]
  },
  {
   "cell_type": "markdown",
   "id": "9f9413cc",
   "metadata": {},
   "source": [
    "# TENURE as target variable, Rest of the columns as Features"
   ]
  },
  {
   "cell_type": "code",
   "execution_count": 3,
   "id": "1a254eec",
   "metadata": {},
   "outputs": [],
   "source": [
    "X = df.drop(columns = ['TENURE'])\n",
    "y = df[\"TENURE\"]"
   ]
  },
  {
   "cell_type": "markdown",
   "id": "90917681",
   "metadata": {},
   "source": [
    "# Normalize the features"
   ]
  },
  {
   "cell_type": "code",
   "execution_count": 4,
   "id": "46d2f43a",
   "metadata": {},
   "outputs": [
    {
     "name": "stdout",
     "output_type": "stream",
     "text": [
      "[[-0.75170645 -0.39902077 -0.4362104  ... -0.55799845 -0.31029421\n",
      "  -0.53570846]\n",
      " [ 0.73265687  0.03961482 -0.47875364 ...  0.74950251  0.06872553\n",
      "   0.22129017]\n",
      " [ 0.40056907  0.47825041 -0.13396168 ... -0.41714637 -0.11210561\n",
      "  -0.53570846]\n",
      " ...\n",
      " [-0.75763296  0.47825041 -0.30269421 ... -0.50790538 -0.30831968\n",
      "   2.87078877]\n",
      " [-0.76689537 -2.41674739 -0.47875364 ... -0.57565007 -0.33815602\n",
      "   1.16754016]\n",
      " [ 0.7949064  -0.96924849 -0.47875364 ... -0.31348252  0.04217027\n",
      "  -0.53570846]]\n",
      "(7928, 16)\n",
      "Dimensions of feature set =  16\n"
     ]
    }
   ],
   "source": [
    "from sklearn.preprocessing import StandardScaler\n",
    "\n",
    "scaler = StandardScaler()\n",
    "X_scaled = scaler.fit_transform(X)\n",
    "print(X_scaled)\n",
    "print(X_scaled.shape)\n",
    "print(\"Dimensions of feature set = \",X_scaled.shape[1])"
   ]
  },
  {
   "cell_type": "markdown",
   "id": "60f60c3f",
   "metadata": {},
   "source": [
    "# The Dimensions of the Feature Set = 16"
   ]
  },
  {
   "cell_type": "markdown",
   "id": "cef9b75c",
   "metadata": {},
   "source": [
    "# Principal Component Analysis (Converting to 2-Dimensional Feature set)"
   ]
  },
  {
   "cell_type": "code",
   "execution_count": 5,
   "id": "a9b8364c",
   "metadata": {},
   "outputs": [
    {
     "data": {
      "text/plain": [
       "array([[ 1.00012615,  0.30969098,  0.17404292,  0.15732644,  0.12219135,\n",
       "         0.48732994, -0.08364406,  0.05966449, -0.06442918,  0.4589853 ,\n",
       "         0.38148921,  0.14642654,  0.52751009,  0.3212618 ,  0.39598706,\n",
       "        -0.33464582],\n",
       "       [ 0.30969098,  1.00012615,  0.11864654,  0.09357796,  0.1084147 ,\n",
       "         0.09425745,  0.22396338,  0.18879302,  0.17664393,  0.19700549,\n",
       "         0.13634459,  0.17781352,  0.08019382,  0.03423844,  0.12920761,\n",
       "        -0.16228357],\n",
       "       [ 0.17404292,  0.11864654,  1.00012615,  0.91714016,  0.67888737,\n",
       "        -0.05187256,  0.39895508,  0.4960416 ,  0.32035112, -0.12145595,\n",
       "        -0.0692532 ,  0.68727641,  0.35815656,  0.61150181,  0.08911844,\n",
       "         0.18593614],\n",
       "       [ 0.15732644,  0.09357796,  0.91714016,  1.00012615,  0.32967884,\n",
       "        -0.03220978,  0.27235709,  0.52274894,  0.13371011, -0.08476032,\n",
       "        -0.04831578,  0.54450453,  0.320119  ,  0.57624128,  0.04474332,\n",
       "         0.14143466],\n",
       "       [ 0.12219135,  0.1084147 ,  0.67888737,  0.32967884,  1.00012615,\n",
       "        -0.06357762,  0.44293219,  0.21165686,  0.51214268, -0.13150919,\n",
       "        -0.07504986,  0.62444259,  0.25838042,  0.38658744,  0.12847794,\n",
       "         0.17977873],\n",
       "       [ 0.48732994,  0.09425745, -0.05187256, -0.03220978, -0.06357762,\n",
       "         1.00012615, -0.21138478, -0.08798229, -0.17109121,  0.63529684,\n",
       "         0.66481849, -0.07261296,  0.29929382,  0.47235443,  0.13929209,\n",
       "        -0.15092059],\n",
       "       [-0.08364406,  0.22396338,  0.39895508,  0.27235709,  0.44293219,\n",
       "        -0.21138478,  1.00012615,  0.51645296,  0.85892739, -0.31573085,\n",
       "        -0.20721634,  0.57592343,  0.13300773,  0.10724794,  0.00207582,\n",
       "         0.30139623],\n",
       "       [ 0.05966449,  0.18879302,  0.4960416 ,  0.52274894,  0.21165686,\n",
       "        -0.08798229,  0.51645296,  1.00012615,  0.15186517, -0.12205483,\n",
       "        -0.07602849,  0.54327595,  0.29359686,  0.24463899, -0.03637424,\n",
       "         0.17052824],\n",
       "       [-0.06442918,  0.17664393,  0.32035112,  0.13371011,  0.51214268,\n",
       "        -0.17109121,  0.85892739,  0.15186517,  1.00012615, -0.26196001,\n",
       "        -0.16798271,  0.53568745,  0.07148452,  0.08773188,  0.0295992 ,\n",
       "         0.24066304],\n",
       "       [ 0.4589853 ,  0.19700549, -0.12145595, -0.08476032, -0.13150919,\n",
       "         0.63529684, -0.31573085, -0.12205483, -0.26196001,  1.00012615,\n",
       "         0.81182491, -0.12959936,  0.14093522,  0.2002366 ,  0.10673308,\n",
       "        -0.25837293],\n",
       "       [ 0.38148921,  0.13634459, -0.0692532 , -0.04831578, -0.07504986,\n",
       "         0.66481849, -0.20721634, -0.07602849, -0.16798271,  0.81182491,\n",
       "         1.00012615, -0.0669618 ,  0.14946372,  0.26385112,  0.10900192,\n",
       "        -0.17338588],\n",
       "       [ 0.14642654,  0.17781352,  0.68727641,  0.54450453,  0.62444259,\n",
       "        -0.07261296,  0.57592343,  0.54327595,  0.53568745, -0.12959936,\n",
       "        -0.0669618 ,  1.00012615,  0.27004815,  0.3715094 ,  0.09053497,\n",
       "         0.16513774],\n",
       "       [ 0.52751009,  0.08019382,  0.35815656,  0.320119  ,  0.25838042,\n",
       "         0.29929382,  0.13300773,  0.29359686,  0.07148452,  0.14093522,\n",
       "         0.14946372,  0.27004815,  1.00012615,  0.42212277,  0.11778919,\n",
       "         0.06783946],\n",
       "       [ 0.3212618 ,  0.03423844,  0.61150181,  0.57624128,  0.38658744,\n",
       "         0.47235443,  0.10724794,  0.24463899,  0.08773188,  0.2002366 ,\n",
       "         0.26385112,  0.3715094 ,  0.42212277,  1.00012615,  0.1222845 ,\n",
       "         0.10976197],\n",
       "       [ 0.39598706,  0.12920761,  0.08911844,  0.04474332,  0.12847794,\n",
       "         0.13929209,  0.00207582, -0.03637424,  0.0295992 ,  0.10673308,\n",
       "         0.10900192,  0.09053497,  0.11778919,  0.1222845 ,  1.00012615,\n",
       "        -0.14071806],\n",
       "       [-0.33464582, -0.16228357,  0.18593614,  0.14143466,  0.17977873,\n",
       "        -0.15092059,  0.30139623,  0.17052824,  0.24066304, -0.25837293,\n",
       "        -0.17338588,  0.16513774,  0.06783946,  0.10976197, -0.14071806,\n",
       "         1.00012615]])"
      ]
     },
     "metadata": {},
     "output_type": "display_data"
    },
    {
     "data": {
      "text/plain": [
       "(16, 16)"
      ]
     },
     "metadata": {},
     "output_type": "display_data"
    }
   ],
   "source": [
    "cm = np.cov(X_scaled.T)\n",
    "display(cm)\n",
    "display(cm.shape)"
   ]
  },
  {
   "cell_type": "code",
   "execution_count": 6,
   "id": "cbfdf816",
   "metadata": {
    "scrolled": false
   },
   "outputs": [
    {
     "data": {
      "text/plain": [
       "array([4.61871969e+00, 3.47009995e+00, 1.51439528e+00, 1.22182711e+00,\n",
       "       1.06729672e+00, 8.71256816e-01, 7.27786020e-01, 6.26182040e-01,\n",
       "       5.24854800e-01, 4.04057605e-01, 3.02889222e-01, 2.45526836e-01,\n",
       "       1.64445118e-01, 1.95743505e-01, 4.69268068e-02, 1.08997276e-05])"
      ]
     },
     "metadata": {},
     "output_type": "display_data"
    },
    {
     "data": {
      "text/plain": [
       "array([[ 9.04574988e-02, -4.03313392e-01, -1.70843947e-01,\n",
       "        -2.91686236e-01,  9.01790781e-02,  2.55159767e-01,\n",
       "         1.66839943e-01,  1.98582851e-02, -5.47640599e-02,\n",
       "        -1.54175696e-01,  4.85814235e-01,  5.32270327e-01,\n",
       "         2.25003357e-01, -1.29126129e-01,  4.69627781e-03,\n",
       "         3.92619699e-05],\n",
       "       [ 1.04407952e-01, -1.31225400e-01, -4.57818417e-01,\n",
       "        -1.82418674e-01, -4.51161387e-01, -8.16227200e-02,\n",
       "        -7.17273541e-02,  6.78983713e-01,  5.62972675e-02,\n",
       "         1.28305460e-01, -6.20941014e-02, -1.64605462e-01,\n",
       "         4.06468247e-02,  1.81042695e-02,  8.35451530e-03,\n",
       "         3.59960160e-05],\n",
       "       [ 4.13695389e-01, -4.60096286e-02,  2.36438523e-01,\n",
       "        -1.21649395e-01,  1.71414781e-02, -2.62468619e-01,\n",
       "         1.59506009e-02,  9.36663421e-02, -6.52148034e-02,\n",
       "        -1.95403820e-01, -8.44394356e-02,  1.09091878e-01,\n",
       "        -4.92814123e-02,  2.30649656e-01, -1.02017564e-03,\n",
       "        -7.48819361e-01],\n",
       "       [ 3.48832826e-01, -6.54536320e-02,  3.61533705e-01,\n",
       "        -1.87308969e-01, -1.72400859e-01, -1.94681918e-01,\n",
       "        -1.18844830e-01,  4.76307679e-02,  1.50727693e-01,\n",
       "        -4.52374202e-01,  3.96048864e-02, -1.07056191e-02,\n",
       "        -5.35393194e-02,  2.30394554e-01,  4.74933568e-03,\n",
       "         5.82416727e-01],\n",
       "       [ 3.37034540e-01,  1.16547368e-02, -1.05861388e-01,\n",
       "         5.69528731e-02,  3.58077717e-01, -2.62980164e-01,\n",
       "         2.56676242e-01,  1.33992465e-01, -4.31957720e-01,\n",
       "         3.70303828e-01, -2.72736675e-01,  2.77776821e-01,\n",
       "        -1.81782825e-02,  1.21718838e-01, -1.19542726e-02,\n",
       "         3.16323011e-01],\n",
       "       [-2.49489370e-02, -4.37821719e-01,  5.98380354e-03,\n",
       "         2.98582831e-01,  6.79103607e-02,  7.16061788e-02,\n",
       "        -3.24194879e-03, -2.60570280e-02,  3.82557239e-01,\n",
       "         3.43984823e-01,  1.71590658e-01,  1.00688334e-02,\n",
       "        -2.02218694e-01,  6.10571288e-01,  1.27830165e-02,\n",
       "         2.42687562e-05],\n",
       "       [ 3.27871051e-01,  1.82493052e-01, -3.59697349e-01,\n",
       "         2.13395418e-01, -9.76759502e-02,  1.51418698e-01,\n",
       "        -5.70274268e-02, -2.04822826e-01,  2.44860345e-01,\n",
       "        -1.28484818e-01, -1.59468922e-01,  2.01732140e-01,\n",
       "        -2.37737679e-02, -5.67543385e-03, -6.80746494e-01,\n",
       "        -1.43244292e-04],\n",
       "       [ 2.96672588e-01,  2.09156460e-02,  9.18052234e-02,\n",
       "        -7.50277928e-02, -5.24655044e-01,  2.64148974e-01,\n",
       "        -2.49531089e-01, -3.62370911e-01, -9.78992298e-02,\n",
       "         3.73135591e-01, -1.62044498e-01,  2.46796899e-01,\n",
       "        -1.79893657e-02, -4.71324661e-02,  3.46911868e-01,\n",
       "         1.29824949e-04],\n",
       "       [ 2.79284723e-01,  1.67368987e-01, -4.51845727e-01,\n",
       "         2.77853192e-01,  1.71538376e-01, -1.78740266e-02,\n",
